21
21
25
20
24
22
25
24
23
23
21
25
24
22
23
25
22
24
23
24
23
26
25
21
25
17
26
24
26
21
19
18
24
16
24
22
23
20
16
24
23
15
26
21
14
28
11
20
24
22
24
24
23
26
21
19
18
20
26
15
16
24
21
20
24
25
23
20
27
16
26
18
26
24
25
24
19
17
18
20
23
21
23
20
20
18
23
20
24
26
16
24
24
24
21
23
20
26
19
21
23
27
20
19
22
19
26
22
20
22
22
24
23
21
20
25
22
23
25
24
24
24
26
20
24
19
22
19
28
21
21
22
21
22
26
21
22
22
20
21
16
16
24
29
18
23
17
20
20
18
21
20
22
22
22
26
19
20
24
24
16
25
24
22
24
24
22
24
26
22
18
25
22
20
22
22
25
19
25
24
24
21
24
22
24
22
19
26
25
26
18
22
16
22
22
24
21
22
26
22
18
25
19
25
18
14
21
24
23
21
29
22
23
22
24
25
19
21
23
22
22
19
23
25
24
23
16
22
18
22
21
20
25
21
26
24
24
26
25
26
25
24
22
28
21
17
18
20
22
24
27
21
22
24
22
24
20
21
23
22
27
14
24
20
26
27
12
20
24
28
24
15
18
26
25
24
16
25
22
20
22
18
21
20
21
22
23
25
23
18
26
21
24
18
22
20
24
20
24
20
22
22
18
19
24
18
25
24
22
22
21
20
25
25
24
26
24
19
22
22
25
22
27
25
24
21
23
18
21
22
21
20
20
17
18
21
12
20
22
25
24
25
16
24
25
